Acoustic/Folk_0,Alt_Music_1,Blues_2,Bollywood_3,Country_4,HipHop_5,Indie Alt_6,Instrumental_7,Metal_8,Pop_9,Rock_10
0.00048226660744126837,0.5416268465322751,0.012778381054013384,3.156751849007508e-05,5.969504375284359e-05,0.0007816575300650752,0.11693051244308209,4.735247335721229e-05,0.0029405246150339247,0.016746730737113275,0.3075744654453757
3.1188015896741396e-05,0.005524147349454091,0.0008812308383051165,3.1005942930966307e-06,7.311522994996037e-06,0.0013102101299178283,0.01811829032880614,2.6264585389404953e-06,0.80641160778051,0.0023809644855500825,0.1653293224957329
1.950688267408412e-05,0.0042237328841050244,0.00013895172647002208,4.96119525283159e-06,0.00012632356123286602,0.01595274551725892,0.0068320835857944,2.7085920564970035e-06,0.0019100895988326072,0.9243174408467544,0.0464714556095685
0.00021111288585688498,0.008171617359266872,0.0003280421089520275,3.4266124179957116e-05,0.00033554400553534563,0.022143199633629543,0.014413143689506833,1.1587905367780223e-05,0.0021469775517784398,0.8686663549032271,0.08353815383269933
0.0020310644325450596,0.00023420053961249068,9.191443714860451e-05,0.00012265898979278895,0.010004556530772788,0.0006381556954171205,0.00033009426000990295,2.4767708917351127e-05,0.00024220476372676901,0.9816662231321699,0.004614159509887177
0.00011421208803980076,0.10390034890955621,0.01037705272005413,2.8778368723899674e-05,3.728513354482601e-05,0.000661948060582072,0.037832216540769084,4.963341283751605e-05,0.0014393849816241888,0.038664838931614064,0.8068943008526541
0.00015422786935690878,0.14034869510788034,0.0014676589462013136,2.6200007311495708e-05,3.0780922312456104e-05,0.0025551087807950848,0.24616587751165434,3.1992121236276994e-05,0.000735092852553596,0.054189199462598106,0.5542951664181002
0.002404178587614718,0.015456693228294464,0.028467492734320535,0.00028192638925441646,0.00022067211479802494,0.003217103907461174,0.060748633947216135,0.00010578151159212115,0.16960025172668616,0.006744769549132357,0.7127524963036299
0.0001015176040326562,0.15765502333761958,0.002196315169905014,1.2470186237145096e-05,2.960455402569051e-05,0.0002638197641564521,0.35879978691143555,2.1134862672224157e-05,0.0038845750619159896,0.05996454905289069,0.4170712034951092
4.408101865229997e-05,0.007209204543880591,0.020642523521328428,8.448159412795364e-06,5.724380941423731e-06,0.001163961222760569,0.007680485197327584,1.2309171624940363e-05,0.002496654460668232,0.0373642122913079,0.9233723960320953
0.0001651609252576525,0.18340050747130765,0.0829889402661739,3.8069303947385325e-05,0.0001305257619367197,0.004237336672846977,0.26000199955590364,5.018160421088792e-05,0.1724282290185618,0.022099390078629565,0.2744596593412238
0.0004781630040479249,0.08081383058783102,0.0023572180016430675,3.850170289961586e-05,0.00015190366813405218,0.0002791831554934242,0.43630923987727205,4.067356928028045e-05,0.0003149684012212606,0.01584097839393327,0.463375339638244
6.779911839939967e-05,0.18030603084529764,0.009875878745753994,1.5531203461153925e-05,5.895355158182043e-05,0.0023803764296714157,0.323835198333015,8.488904565281276e-06,0.006403399590717426,0.017302820861915504,0.4597455224156213
4.175422784463082e-05,0.0016381203869446075,0.00040316023349305254,3.14618809389115e-05,0.0003172266042495116,0.9537033199486412,0.005137188009928599,2.9988605102501876e-06,8.892222957215743e-06,0.03553042733860016,0.0031854502858919566
2.600254604294602e-05,0.05640744141870989,0.002168267903963591,4.180556837457112e-06,3.8054816042602624e-05,0.0002979610764496081,0.05559564737021449,3.5779742898068087e-06,0.006245439860891822,0.007035397635567501,0.8721780288409903
0.00036381430382300344,0.1940361814756437,0.013646642067885321,6.578160491983616e-05,0.0004541560024442471,0.009826623137827343,0.05896010524120368,6.763161669889795e-05,0.3731364801654654,0.03799029532478538,0.31145228905930306
0.00016981621003160356,0.06211459994165431,0.04656613801791328,5.148449517138468e-05,2.1296059171278135e-05,0.006217944544038255,0.24571041643799896,6.553573318249497e-05,0.06546523843749495,0.16419740757253587,0.40942012255080756
5.713856415424197e-05,0.034112736737660285,0.00813607375411501,1.8159346711064308e-05,4.050086665062038e-05,0.001631318059780949,0.06744068711922235,7.4316895092752996e-06,0.3725137458711473,0.0029961833892884196,0.5130460246017605
0.000991150828188047,0.021346465907807366,0.008347519548322368,4.579019968884789e-05,8.976261464655633e-05,0.002519014231182206,0.2110014894944927,4.298052033375152e-05,0.12072611181775152,0.0038202837408189264,0.6310694310967678
0.0009517201975817615,0.0002472106747517971,3.394568659808347e-05,0.0010975273203552537,0.009291952998287424,0.004839839017747507,0.0005460144722083499,4.7261910714621094e-05,4.403152797991378e-05,0.9779128214710593,0.0049876747227161344
0.0028445984382961817,0.00010957445303726716,8.498900853145088e-05,0.00012382402282942804,0.006342549761010893,0.0002248024369364506,0.00018198152350935474,1.1162008827336275e-05,4.868880225421409e-05,0.9878953704180345,0.0021324591267328865
4.528869554783082e-05,0.1743271844324511,0.00031606386503255736,9.017148078255563e-06,0.0001102449633120023,0.0008488713819205391,0.017234518437431432,6.207770548610057e-06,0.001265157805039445,0.04914522132970922,0.756692224170929
0.0008293278045500223,0.027170502425039537,0.4306948211356104,0.00018137456499406292,2.320135648657537e-05,0.11701145977671697,0.22824958886720834,0.00014354611427277588,0.01419836178843131,0.029291077747414837,0.15220673841927523
0.02464505353984517,0.09728976415846737,0.08535972711048818,0.0016125853743216632,0.0005719243165762655,0.03975410560310805,0.6307413597207678,0.006613602598297377,0.0030635787447654285,0.0787335912596547,0.03161470757370809
0.002782307663888221,0.2591458959288924,0.019688150562716132,0.00011988202417446607,0.0002108405291066052,0.00910116288352695,0.5337642272582334,0.00010754980988908879,0.00044587359826934553,0.07688279771554063,0.0977513120257628
9.64515879190382e-05,0.01639276365837729,0.004565553581957315,2.56819644547984e-05,2.8041171790683422e-05,0.0008941374558430814,0.021618125959056746,6.76662854722386e-05,0.26076642527183125,0.003299206823804541,0.692245946239493
5.573550662448522e-05,0.009040585097907826,0.08181993019242492,1.0012712294344565e-05,1.112342683713781e-05,0.0008596154788435199,0.014618754507203206,1.985181668770529e-05,0.009865345638651176,0.0035931145215380178,0.8801059311009877
0.0005236887069881561,2.763721143787308e-05,0.0008459592876443614,0.9972185813065712,0.0007874809410645915,0.00014074225029510071,3.8360320551323995e-05,8.575642086220655e-05,1.5562545196868956e-06,0.00011760309195490049,0.0002126342081100861
9.997559355119993e-05,0.06779383225319117,0.015122691022739736,3.457698510486275e-05,7.676591394231537e-05,0.0028300237231215675,0.08050027880641475,4.106092511560192e-05,0.0660964101651507,0.06843155526287152,0.6989728293487966
0.0003528702060486535,0.03766645771630453,0.0010600045316740557,3.6559737998284466e-05,4.423777278492345e-05,0.0001840102857996698,0.08645182754708926,8.653759339408004e-05,0.0014959650630547113,0.006178666791742844,0.866442862754109
0.00015689524781882925,0.03966354929150618,0.49878717398240435,0.00016144115373175542,6.379066200809683e-05,0.014436969682678593,0.042494681712226236,4.151777774636318e-05,0.009943200215469647,0.006467827071286971,0.3877829532031227
1.453386212848486e-06,0.0004993866857186202,0.0002384186158060975,4.900469235392082e-07,4.394559044491182e-07,1.6561406484161112e-05,0.0010962421751666738,8.453006136675472e-07,0.9872131124460987,5.5036101302887634e-05,0.010878014379768281
5.650271070956423e-05,0.005707490068568286,0.9261880835133776,7.74245846019341e-05,2.7196432424470812e-05,0.007957062444543833,0.017221471003430598,1.9453325582012575e-05,2.4512192002809788e-05,0.02190566690196104,0.020815136822797894
0.0011757874608347469,0.00026536197848073696,0.00016328113766766358,0.00019504760582694894,0.0004264826862335497,0.0003168546467331576,0.0005860336495905065,6.993010753281805e-05,0.00010836236418438122,0.9959984868254269,0.0006943715374887238
0.00043110336512246753,0.009874302712353322,0.002004612024633257,8.293815649629085e-05,0.0014506071904592333,0.036227240440079085,0.021945011440074637,1.6430023044352895e-05,0.0005242585956925803,0.8593277874034153,0.06811570864862948
7.047270721924537e-06,0.0007629291796163257,0.0030425919014373842,2.3124331231172603e-06,7.363244734672285e-06,0.0011248099596671997,0.0019346020461271781,1.8932210879260635e-06,0.0004732707428398995,0.9846712713327256,0.007971908667918665
4.192602211628466e-06,0.002821390435301277,0.0004618757408645647,2.1682943977416108e-06,3.484421521740658e-06,0.00015564534638570296,0.007404977029251754,2.4210931412481163e-06,0.8320303151340843,0.0009977414668074476,0.15611578843603255
0.0017322768933184828,0.10186117897735564,0.022559457393019275,0.0001120672320497209,0.00014797404431498226,0.005556734216504655,0.4420704174909223,9.631295602171905e-05,0.006967992607409573,0.009278923871180634,0.40961666431790295
4.52934302177759e-05,0.000900560916334881,0.0019474080576390813,5.870679653057649e-06,9.424225602057279e-06,0.0023359784838879447,0.003443702827864657,3.84237939932072e-06,7.485166739126036e-05,0.9818885515222189,0.009344515809791072
0.00010038923212455995,0.025978502137935504,0.08932937350997384,2.4574488253419502e-05,6.661285693876613e-05,0.009924609895042246,0.11726458062992967,3.095261553872293e-05,0.1078283591681504,0.033085959376705575,0.6163660860894074
8.954894952539661e-05,0.07183511556015161,0.01858314575181878,6.931689260543603e-05,6.82455901616469e-05,0.015259430064801809,0.6975942220236868,7.582078258394555e-05,9.206920582590888e-05,0.15649295539396887,0.039840129784869595
9.51781568970537e-05,0.025482317502086488,0.8285228058389924,5.241252631066925e-05,1.7747634531121102e-05,0.020470960129835545,0.061437165653418814,0.0002801361975181495,0.003779500100831412,0.02225938799793498,0.0376023882616432
1.5520446688585304e-05,0.008612521670712412,0.012785448215424038,8.626856134617044e-06,8.812802237438162e-06,0.004919311125757353,0.01922569731978965,5.686089852607692e-06,0.7010905723762756,0.005542418762561372,0.24778538433456618
0.0005772740223001807,0.04934964844681692,0.007803448039620137,6.19562331223529e-05,0.00011509355564113662,0.003032130512742007,0.2386815076694409,0.0001881469224681834,0.20333006102750661,0.0049841581214484605,0.49187657544889307
5.212381178027472e-05,0.025628658515148336,0.0013658238818990023,1.8665216879493824e-05,0.00011703622260010809,0.0071477727662818185,0.013826164015229942,6.184102423885897e-06,0.0035643873917812164,0.06387637640052983,0.8843968076754462
5.952873526158444e-05,0.06250641017928346,0.0016838076937884976,1.3433870811586746e-05,4.296767337976572e-05,0.00014724772989251671,0.05892741782614605,1.9329657955930543e-05,0.0007242141853526698,0.010352521632728848,0.8655231208153991
0.00028099066929573353,0.029647374811150956,0.009847912114529888,1.1298633981498222e-05,6.967108986580225e-05,0.00039137142249796327,0.04210491521248847,1.1088267785709303e-05,0.0016467511258885052,0.012372059524007953,0.9036165671285076
0.00021361939421999125,0.11510004675979316,0.0012229750252211785,4.598214425660998e-05,0.0002729010745880912,0.001218048088662171,0.049882626463526196,2.3611028007664508e-05,0.0012884606182425767,0.2792611903159916,0.5514705390874908
0.00020124787481349643,0.188599508879673,0.04028453851804717,3.689189259868149e-05,0.00013879534098078545,0.005703924214363987,0.6736047929367222,3.483483356107402e-05,0.0053806994174761215,0.03816933895425119,0.04784542713751222
5.3127925350572e-06,0.009929982959256574,0.0003110146545230652,1.1357948446187577e-06,6.769109646638599e-06,5.858626204426294e-05,0.008284098843556038,1.7412690425727803e-06,0.8829574071062004,0.0005319743381215152,0.09791197687022907
6.026957147310963e-06,0.004963587935030925,0.0006326854496872885,1.1986414802168347e-06,4.987325198389183e-06,0.00015973007697027636,0.012022995082182004,2.1579627225899263e-06,0.8697871265730176,0.0015632408149061688,0.1108562631816572
6.508598766778842e-06,0.0044814922207287115,0.000453892730740515,3.6158151553566176e-06,2.0349210387020197e-06,0.0003758018933505031,0.0049440885349542,4.229602540410492e-06,0.9453466990564645,0.00039198478530707437,0.0439896518409533
4.518209651433269e-06,0.026782793825187095,0.005111342115641529,2.1095117067018784e-06,5.617305190336744e-06,0.0005375143749698413,0.03209071676639382,3.0244603341196725e-06,0.7128287146079809,0.002775567859539824,0.21985808096340442
0.000599190383871231,0.020224930862996204,0.05539696569330236,6.135334084560945e-05,9.278724094175913e-05,0.023175068858566395,0.039650166436287965,6.091543826113172e-05,0.004105911078570341,0.036670133508942444,0.8199625771574146
5.0019386526962486e-05,0.013900006252248982,0.0007905447622735072,2.999065071372838e-06,1.5154119610807029e-05,0.00034623684232525136,0.012415364172992159,5.3107139068924365e-06,0.010136848869753513,0.006836349156689475,0.9555011666586011
2.2486347957660935e-06,0.0019003307689881412,0.0003698262276941894,5.470247818037715e-06,4.944791649003407e-06,0.9910635109073723,0.002270450732075424,1.7057021825060157e-06,1.88349831183221e-05,0.0022379842521957146,0.0021246927521103693
0.00022016808508092827,0.0021129466549053987,0.007011504975898563,1.5090832666647188e-05,2.7754064194735823e-05,0.00037734606073633114,0.0046336538452664494,2.708028463658921e-05,0.0010821575524204053,0.032291285121091355,0.9522010125231025
0.0003782144420875839,0.47590174586519496,0.006963990448580746,7.944321010752879e-05,0.0005482293723913853,0.000306164072250435,0.050131613233706025,5.79037707262849e-05,0.00202241576293455,0.07404030406628438,0.38956997575573615
1.9406154548998518e-05,0.03825737925443957,0.0031336679643000904,2.5688931502253696e-06,1.598895813512188e-05,0.00023460623401140492,0.03402053009188777,3.7367030467423375e-06,0.11644706152604249,0.0034384747304555658,0.8044265794899821
0.0005409162085899406,0.042072612072701104,0.02370623357111346,0.00016315600049922986,0.00032221733748177475,0.018335928010708862,0.04400682304614402,0.00014181004767774006,0.01737538215794986,0.2819381515315919,0.5713967700155421
0.00011143864475906606,0.018448109296590052,0.004971241342643731,4.3935847133592846e-05,5.781951055311252e-05,0.004630042885670978,0.479936948522156,1.6900749185872784e-05,0.0005778221973281155,0.030040408425081568,0.4611653325788978
0.00011613390813500769,0.11377920452519201,0.02964440026410232,4.282115428240098e-05,5.787233002421939e-05,0.004067838303745953,0.5640251081109906,0.00026171626331138794,0.028307532525861268,0.07513877948623318,0.18455859312812156
0.00021257653931324423,0.10529857450309976,0.0008813598061264262,7.092120637260343e-05,0.0010612191531357174,0.009573058782703193,0.1964823214903239,4.514606760020255e-05,0.001710389901986503,0.5731728986010739,0.1114915339482645
3.135563056837435e-05,0.0075078318595154835,0.9297303084887021,2.949051296815514e-05,8.284313334368885e-06,0.0052684293874294425,0.028427591632183054,1.8768430747912017e-05,0.00013349995861261152,0.007419849207039541,0.021424590578898707
0.0022136848188328046,0.03470912669727451,0.00021926602899268504,0.000516749890848123,0.0005052670945791046,0.6412350411641816,0.056128015692017766,0.0002877346486519716,0.00048015434870567,0.2358133136701849,0.027891645945730743
0.0003683975240267244,0.07624511574690142,0.09277255399844622,7.334850035215178e-05,2.2472058837089874e-05,0.010291816261125882,0.5143057524266554,0.00023841363798972573,0.00156493280426661,0.24318377130427057,0.06093342573712813
0.0010714428618898157,0.00013184921297930982,2.456069215528253e-05,0.00010859439619097262,0.003536790218803773,0.0005735062111840464,0.0003881865086408755,1.2827843226192085e-05,4.688746043451826e-05,0.9885622923493456,0.005543062245149427
5.330159769607908e-06,0.006223545538663728,0.00022816356230592782,3.829451491002981e-06,4.386406435561999e-05,0.0009001559299054112,0.01036488541672564,3.2040899563031263e-06,0.6361524951029327,0.03502391467736733,0.3110506120065267
0.0008474128016249266,0.009874694301989792,0.000513746051646843,6.810287826469611e-05,0.00036395765133409716,0.08550826723956845,0.02537137306206745,1.2624441052649287e-05,0.00015138015157586428,0.8279623969115458,0.04932604450932949
0.0010703064673761704,0.021105016830971136,0.008438182993891352,3.27899824367781e-05,0.00015986467931338008,0.00144394904002332,0.01659128954178175,1.9648058788535806e-05,0.0007186443810176209,0.010804073662247192,0.9396162343621529
0.0004601648214591337,0.007177862211427777,0.05221923847290671,0.00032027195947984834,0.0004100129608876233,0.0047447305517802464,0.012741577990254865,0.0002534415303373753,0.0006767010952200218,0.889569057468509,0.03142694093773733
1.6924939545193788e-06,0.0018164167229122081,0.00022653142976878523,6.648302118349078e-07,5.539667189243495e-07,3.746102967486127e-05,0.002051056128550983,1.5990864287451376e-06,0.9731626387967808,7.672538843186441e-05,0.022624660126566474
1.806647667228686e-05,0.006130556683651244,0.020449733737796627,8.568279675352086e-06,1.8190321155426133e-05,0.0006959441936343783,0.00977954265962524,2.6963280502714087e-05,0.004846474445887822,0.013627501484443414,0.9443984584369556
0.016190824448403463,0.0265077282304593,0.010395969283276445,0.0010387225856526698,0.0011415334504305834,0.0009156667436820223,0.7447149341822684,0.0018344861840311109,0.00037335020956030156,0.059487531794928515,0.1373992528873074
0.003930002776151201,0.0003848789028488237,3.6939556961108005e-05,0.0002785954904159599,0.010772594909704409,0.004619563204112689,0.0013922051297375598,3.4131039985395084e-05,7.578838657607395e-05,0.9659576682399854,0.012517632363521521
5.508603492004373e-05,0.6219805224684222,0.0006660350494710059,2.3109818148168268e-05,2.708487392217401e-05,0.016543802336788635,0.13315786446303718,2.662350265246107e-05,0.0005538943551169841,0.15989142364270906,0.06707455345481218
6.3579305191941975e-06,0.0026350144571768938,0.005054049017474738,1.744498171074632e-05,9.868731341510224e-06,0.9720853097354469,0.0030981921812656904,4.116610346283777e-06,0.00010242514844420773,0.011389137436151374,0.0055980837701225805
0.0023571565557371056,0.13182390133196253,0.13478030804128457,0.00046154473822046705,0.0004420328191581491,0.003142601026658445,0.48124660905114136,0.00061060250967288,0.012281977146649097,0.07518438244242379,0.1576688843370916
0.0001410173167143434,0.015493574446676024,0.005506282242791187,4.0707091934463136e-05,1.1509773310983302e-05,0.001019141091985991,0.761681178496207,0.0001530131545463293,0.03225351644343418,0.002786990885956361,0.180913069056443
0.0002462597825136689,0.012829543917133297,0.10864861384154717,0.00026417410404069966,6.307977181274402e-05,0.0035561184019315857,0.8519914344415953,0.0015111686300763583,0.0002683397828627749,0.004661289104071199,0.015959978222415305
0.00010403794523617131,0.0006383121554067486,0.0008762880711850625,9.813414525425816e-06,1.6187123087943005e-05,0.0016622310089653223,0.001458927045511327,8.960500185212124e-06,0.00017506661629867424,0.990396617774606,0.004653558344991977
0.0016119550428997334,0.12756116862825162,0.034326004631029035,0.00017493440904450656,0.00019931054998171776,0.002163444057193475,0.6382924240365422,0.00020484397147511844,0.0016960520290350992,0.11208951137859499,0.08168035126595229
5.12886557091619e-05,0.021299830774720998,0.851568798194286,4.665054350689259e-05,1.636839893541479e-05,0.006129298987469758,0.025843101610874126,3.4184917723378116e-05,0.0025340328908652968,0.00275057991854702,0.08972586510736197
1.1211664779140818e-05,0.00437749461394138,0.9624100728513756,1.7647109794152623e-05,6.286286555370734e-06,0.0065597449694210705,0.0069675307815127785,4.79970375270401e-06,4.387200036678607e-05,0.00342875582481166,0.016172584193689648
0.00011873957414452695,0.025134408949425677,0.019390119425086793,2.197227489123904e-05,3.341248214693356e-05,0.0031811379435255746,0.3867152262560068,1.6871697137384948e-05,0.0019457744411489736,0.011333790367831338,0.5521085465886547
6.454491900188628e-05,0.002101858420168882,0.0024089101327566965,9.362478278441545e-06,1.1186878721717292e-05,0.003551150998582066,0.003165775603743972,7.466672259720014e-06,0.0005990228823516364,0.9690216641792637,0.01905905683487123
0.0011189086990332118,0.17999938816891392,0.26588059541541614,0.00017520685895361805,0.0002873261627993504,0.016469844162216724,0.21183744817330163,0.00018818701056984473,0.0007656906473838575,0.22902164633627975,0.09425575836513196
0.9186018255509307,0.0019628034464942356,0.0006667328566107018,0.029434044310370715,0.0022415299547714445,0.0019359382160424004,0.003362813471510533,0.0018767938409993982,0.0003778267308323719,0.03382271659516523,0.005716975026272116
0.00010995095034385484,0.041599859510522204,0.6955365520598222,0.00014944339338390192,2.3074175579816606e-05,0.03451553734051372,0.040045729757848196,0.00021257735763736821,0.01818988888766979,0.026610503285110207,0.1430068832815688
0.0014730800260386735,0.05748176403118831,0.42997074807911284,0.0005919482392166443,0.00043722686905869136,0.023393052761376588,0.14013059886957022,0.0014569258608640593,0.0029535872713325408,0.2257051611028008,0.11640590688944068
4.147690063072538e-05,0.06583204650373692,0.0035694203397961073,4.9748264461287725e-06,2.0855987235213236e-05,0.00020799581961488268,0.07786331204406091,7.884880153382471e-06,0.07394149567567934,0.0015163267293258776,0.7769942102933206
7.936142935583738e-05,0.004541798070218944,0.9571734813314364,6.533436319803265e-05,3.851679543684294e-05,0.002000755779783018,0.014283216369675581,4.364947239216142e-05,3.095148041870475e-05,0.004376966708456227,0.017365968199628355
0.00015383281454985355,0.02124759836279299,0.005491457583634385,3.577581267643346e-05,0.00017019523206244288,0.13256386044349813,0.06226149796425574,1.4465706697354772e-05,0.0005469132684988783,0.716406978053454,0.06110742475787983
0.00039046676282036066,0.059646597207022506,0.02609414781610966,0.00018908043854601623,0.00033346340939068085,0.008462332859698444,0.07413896302870061,4.282549493688154e-05,0.00011551062074278672,0.3274387555548644,0.5031478568071676
0.0021645643731622644,0.08465655689161733,0.6793849223330154,0.0008409322016071403,0.0006749626716304215,0.010600710038316601,0.131755003470883,0.001669060411344898,0.001337306418329292,0.04716785238950433,0.03974812880058941
2.2569608656388023e-05,0.017937815551472718,0.81999634809822,3.451867629344892e-05,5.8444900395043e-06,0.004756200617532553,0.018140094769705798,1.3255769862664606e-05,0.003604434126288026,0.0010403369368188551,0.1344485813551104
0.00038578764821134605,0.10855665604824612,0.008391442189943378,0.0001383769595591558,0.0001688716995400125,0.0451373012873279,0.37813006901273455,2.548649289033311e-05,0.0057022864896236775,0.10409164740392593,0.34927207476799765
9.520259753451575e-05,0.0007192483026508941,0.0008296359090396909,1.69270546943583e-05,2.1449352780350984e-05,0.0023885618203165313,0.001829434025752942,9.678519141717115e-06,9.369674860366362e-05,0.9902854353962527,0.0037107302732326754
0.00010928445464128578,0.03973740196649658,0.009839385194711062,9.519340810629326e-06,4.571644108622188e-05,0.0022559855634735346,0.09874733209487177,1.3549380021690767e-05,0.007231483209841719,0.02847642818989617,0.8135339141641493
0.0003549685859589664,0.07412616418078109,0.013041665474825865,3.640357750934684e-05,0.00016667090717790124,0.03142892597455317,0.49806654603006806,3.654536616391768e-05,0.00046236098162793246,0.26872551096727176,0.11355423795406198
0.002431025760290572,0.04593218067407826,0.084979223040822,0.00013261480827270961,6.57023169008583e-05,0.004703203158061399,0.45641681087717473,0.00047482034674872103,0.03654953729183664,0.012402554017815374,0.35591232770799885
0.0002226722055206797,0.00796661853137467,0.002108815939607902,0.00012114615529682014,0.0009250160568728131,0.8994529212632405,0.015759442067261934,2.7529431620294383e-05,0.0008879214203533998,0.028953308707100844,0.04357460822175023
0.002143775143194615,0.06766189478822154,0.06305799083593124,0.0010059196153898852,0.0002637865020527191,0.004203763713796453,0.517730785836873,0.0006774701489307845,0.00878980349834505,0.15048743787466032,0.1839773720426043
3.0009248738948326e-06,0.003491985447321305,0.000969677926370363,1.7130099762093778e-06,3.180621215613584e-06,0.0005420539305184309,0.00544610963973146,2.7250793546274496e-06,0.8783757248678391,0.000974318427392783,0.11018951012540625
0.00012604707088165572,0.11453008729717239,0.01965150897673926,5.140120540799649e-05,0.00012955469284080693,0.0553500571647475,0.5004406387886192,1.4487849841564714e-05,0.0002264450067796016,0.1789166602653918,0.13056311168157828
0.0006843856004108324,0.1716152181287266,0.054699631101728034,0.00031821934071499117,2.911841299689246e-05,0.009636765933873866,0.18391153439118546,0.00027010055167396834,0.03279629067415344,0.08955312745223865,0.4564856084122973
0.00015840045744169406,0.5127443673065419,0.004624474417183031,2.0754453530132203e-05,4.449487754650129e-05,0.00032192499251723546,0.05326728677349568,2.1026729475077164e-05,0.000546891282745136,0.015811071740018477,0.412439306969505
0.0001172929211259005,0.028025715198784207,0.0027018780324106375,1.8049361422284055e-05,0.00027555477884037637,0.6353386971944033,0.0520498982821464,9.874313073805381e-06,0.000751952935869262,0.1722558903553471,0.1084551966265766
4.374778343766226e-05,0.013641782102354776,0.0033770536530756804,9.640335685364802e-06,2.2843644129174994e-05,0.00033907309574523185,0.1308368760703201,1.9692252389991855e-05,0.008983885376618674,0.00245092029360729,0.840274485392636
0.0033077577196218124,0.07867871025662601,0.009366656941299114,0.00022565781308242963,0.00021536573222393805,0.008153261201643305,0.6121204204645159,0.0006451014356853376,0.0006741009199274029,0.22826546440935755,0.05834750310601728
7.310824035673486e-05,0.00622185024356276,0.005580565289996358,8.085136146002485e-06,1.100948443145649e-05,0.0002803181679652506,0.022234489425068508,9.327552842613311e-06,0.7860150070980981,0.0010649278246266374,0.17850131153690552
0.0001267105615080732,0.007372725411790326,0.00127476104978954,1.693599955344046e-05,0.00011421454745862009,0.0025992031549753893,0.10530272842919677,1.439301628904485e-05,0.0011129636636244816,0.023716457054869206,0.858348907110945
0.15945970425438905,0.0020786409736461503,0.0006145029394386557,0.09292182167109167,0.6848951253603017,0.0009980563210491191,0.0023751361788638924,0.0019297816046496405,0.00013298181361733925,0.035066359677934374,0.019527889205018654
0.0005953618605936351,0.06464017273838372,0.00605485765860909,2.7154066656256894e-05,0.00014711959108094894,0.0049475354914375325,0.14988475226693723,2.8207047934763353e-05,0.012109908043159704,0.030131984441396722,0.7314329467938103
0.0014520732782142237,0.05545226879151399,0.09039658187674424,0.004135796233306755,0.0018965517205726335,0.19178909196212338,0.06169199089587903,0.00037341140870871816,0.0004569523235233771,0.41787471816648114,0.17448056334293252
2.60193970559439e-05,0.003996514392259963,0.0061008928574477345,2.1240138475607378e-05,2.2739361300048568e-05,0.0012659380094001194,0.007614619744508178,9.54684178728312e-06,0.7005840456759059,0.0018453970771323666,0.27851304650472686
0.00012080810284019453,0.14257838473198922,0.01990169625762627,4.6245100732808124e-05,5.94040344889162e-05,0.02511862882917094,0.37135853944349595,9.303863951072384e-06,0.002182974175480713,0.025743297280817312,0.4128807181794066
0.0001532567714212039,0.01706393306801066,0.0026547051858583615,3.976290270691134e-05,8.968251767989427e-05,0.0010189091749280047,0.047467540516427924,8.642254575178e-06,0.007558372750423939,0.04057871033991823,0.8833664845180497
0.0005726254438598406,0.1250049564935572,0.007901608283564402,0.00033453635247557365,0.00022167708542516836,0.019552408638368438,0.3722823993010539,0.00031628881400923585,0.021655178343209236,0.3098318534868765,0.1423264677576005
8.950881763433616e-05,0.058851684086742045,0.007648428426292226,2.7348707643371004e-05,0.0004366974357540375,0.005846187858731433,0.03548927712303873,2.40753317709162e-05,0.05772966212383055,0.28783682128951993,0.5460203087990424
5.9161743683660794e-05,0.05047867792600002,0.024145183687278127,1.529022351598317e-05,3.343482263192853e-05,0.0026905156687556074,0.10110079741056589,1.1472100847094384e-05,0.0018587965893242498,0.0091137284321656,0.8104929413952319
9.782896356999266e-06,0.00224943131058452,0.9734218892441626,1.8331146379039313e-05,1.1471343556132928e-05,0.0009146028715401821,0.004302598867726904,3.859575098667403e-06,0.00013122231526062106,0.00182651679565692,0.017110293633677515
0.00010311215595763468,0.03964979513668471,0.744192607575081,0.00010399425680791434,0.00014469248555882115,0.001493160409739243,0.03475139265696683,3.482112918200972e-05,0.0016591984239372132,0.008624099451304029,0.16924312631878063
0.00045650742070954894,0.048408307275452166,0.0849969350339545,0.0004279911532853808,0.0002042698669480001,0.02886741124407226,0.2012415270215698,0.0001000898169011823,0.025040210868766333,0.04101577755028971,0.5692409727480512
0.03524387830724441,0.0007817651190407616,0.0008047635475994125,0.004107487176329757,0.00028429124826333886,0.0008015812114958774,0.001869710131292048,0.9551749539844364,3.285088460575907e-05,0.0005711181690995063,0.0003276002205927042
0.0023202285185382494,0.024946884460378394,0.015767614453785227,3.85113142725009e-05,0.0004412621078710546,0.0010834483361141117,0.032745017457998536,3.133448179352761e-05,0.003908361048632771,0.007756983080052999,0.9109603547405626
7.664821420195284e-05,0.0521182009383439,0.009899234568999072,8.209637123940086e-05,4.6366464903241605e-05,0.02903496891004461,0.35891651466731067,0.00011372675214655412,0.002497346587338951,0.0133755046025697,0.533839391922902
3.993338184793665e-05,0.004104784717489092,0.002696951407204458,6.023782605596011e-06,9.6768185024157e-06,0.0008515003787855385,0.030027303465506878,7.969371315473463e-06,0.8787942169881876,0.0002580842473906709,0.08320355544116427
0.00020190792939679268,0.05365751603263236,0.010077706276882295,3.968899926337885e-05,0.0001939902047176003,0.008738146607918315,0.1393080950863922,1.9769642001838864e-05,0.0434964431888113,0.09621397432441176,0.6480527617075722
1.5799178361372644e-05,0.03293162928596254,0.003010376112273761,3.078984705186028e-06,3.652931830506396e-06,0.0004713340190208014,0.03166030185934149,5.111280633000555e-06,0.27079864390889324,0.0016135399128627578,0.6594865325261152
4.886142354262238e-05,0.004878315654713231,0.9290404062094288,0.00014804695282684318,3.461424613366797e-05,0.011301113684723604,0.0014674236883810894,1.724501854874081e-05,0.00023515149280488914,0.0036981013753484503,0.04913072025354786
0.00019887830545262466,0.10196259073552799,0.4416937961380506,3.3916590689473685e-05,0.0001214312354934336,0.001270826918578948,0.2826999729945831,2.6403679651799875e-05,0.028817647831790076,0.011422590645937793,0.13175194492424405
2.661504758328073e-05,0.0010384480354493362,0.002075059637572845,5.0162665097361115e-06,7.302535581885162e-06,0.0036914817225362963,0.003546381833479783,3.3757726925147444e-06,0.00013912026405913687,0.9799923003264982,0.009474898558036985
1.0383953560177046e-05,0.011855584844777868,0.000922319726366424,3.269830470920633e-06,1.2691215857948394e-05,0.00017713884420163457,0.011733349879180715,2.710654272444492e-06,0.7752057124263058,0.0026805115371635367,0.1973963270878426
0.0003950003689339713,0.13618769382012444,0.16064059622275123,6.502342274547334e-05,0.00029779919383900524,0.007175419447494717,0.5223743193436876,4.127545967279697e-05,0.0029557861781443926,0.0812941476655423,0.08857293887706423
7.798510541628393e-05,0.031319474317998745,0.0011486363085855434,1.8936043354634552e-05,0.00011076528869950076,0.00047819433429968953,0.019283638914723022,3.26570994046952e-06,0.023187308840884557,0.016823978154041175,0.9075478169820564
0.0009911293400757285,0.0002105749607722917,7.722709175895136e-05,0.0005011816406417505,0.8773869485519581,0.0007162565465329574,0.0008028710897666142,1.9516452681881198e-05,0.0005532342542064258,0.09644945664361616,0.022291603427988974
3.396636374882544e-05,0.003647703985159448,0.9744105099275641,3.65144133958444e-05,3.281036173247637e-05,0.0026314104557033113,0.0034232010522681736,3.829368654271011e-05,0.0003202778814650839,0.0006707463960793367,0.014754565476340771
5.7937770513672496e-05,0.027322552796433693,0.03655676245168268,1.6513923446537956e-05,1.6739534305382016e-05,0.0012471845433763664,0.02929628527776505,1.3337475562544681e-05,0.5631950913362823,0.006921394155669913,0.33535620073496186
9.080260377986466e-05,0.0639866571694735,0.0058291474794965265,7.93872998741013e-06,1.9140880297146446e-05,0.0007445605672252055,0.08653866369092826,8.578450553661559e-06,0.31047760716766576,0.004562377601851872,0.5277345256587407
9.951619826743246e-05,0.1473433595113279,0.003293629926598512,1.968519039271976e-05,0.00010775601585511852,0.0034284535339439673,0.281893685016889,1.757166906736992e-05,0.0329235410893289,0.02525720107868621,0.5056156007696428
0.0007055700720634462,0.019381427025432003,0.0067059173788390205,4.823306917222948e-05,0.0005058424266408081,0.0018313712756568717,0.4805978588670212,7.69384806945536e-05,0.0015279447578596833,0.022567231447511736,0.46605166519910846
0.008699347653953627,0.0009908770867009962,0.000117550358907789,0.003046356613300824,4.348885438289961e-05,0.00016835871831509403,0.0012879817480928575,0.9851446767542977,6.584206819063486e-05,0.00019675994277592175,0.00023876020108159102
4.882532589093464e-05,0.037256774221729926,0.0025192825672983965,1.6663229979638153e-05,9.416879175172894e-05,0.005792675330454172,0.03077881104466289,8.925299191427047e-06,0.027773683677377512,0.0791895601976507,0.8165206303140126
4.899402777043698e-06,0.0012125580603048465,4.771116236125168e-05,5.053213096517617e-06,2.7068919970258978e-05,0.971033773112655,0.0016407304555087574,6.240331505875313e-07,1.8286004562416177e-05,0.024295347680863503,0.0017139479547496886
2.4395591612258436e-05,0.01080237232845972,0.1329568354944463,1.0346913312231714e-05,8.36106407802155e-06,0.0013451793600708895,0.01121510622259245,1.3606537190123164e-05,0.013048873002367307,0.002060511126564453,0.8285144123593062
0.00021257533219768598,0.018732257578708597,0.0035458584053871902,3.937083158451278e-05,0.0001901904821049987,0.0029029734328112765,0.03383196493715831,1.8654363604547334e-05,0.30905511130698776,0.04181904557669445,0.5896519977527607
0.0007529352318043838,0.10986634805496283,0.023138669195657456,0.00019908756068006932,8.226283776655324e-05,0.009321526639899408,0.6289485749414875,0.000595753776752342,0.005099049253085264,0.15342675136458606,0.06856904114331826
5.462454777899765e-05,0.0781096564547832,0.008691963734659896,9.909274271934376e-05,0.00029550721464603947,0.004048705637698766,0.27925073082840407,1.4049409456178685e-05,0.007008175403630654,0.16664900358319482,0.45577849044302793
0.00010964187707493012,0.5006047756874122,0.0014781942145297823,1.002200850824524e-05,4.2154058914190214e-05,0.0005634752652503586,0.11760130712456565,2.6244582442599652e-05,0.00693366781965561,0.06433683072311523,0.308293686638531
0.0004394374417894394,0.11694344732615991,0.049367554612245415,0.00014627946521184027,1.56898385864608e-05,0.14714878637117676,0.2543514025481179,8.19680678081226e-05,0.0013085525813047063,0.39271236968721795,0.037484512060381635
0.00027339090283863847,0.08283141253055487,0.001133613345108683,2.7728526115392666e-05,0.000422243244573151,0.00025996618397687023,0.05079313033286071,3.171351672387287e-05,0.003017860647763719,0.2613481482380507,0.5998607925314334
0.00010717517651801333,0.07640194595911158,0.1121876935535742,4.515136143382743e-05,2.729861372676019e-05,0.019582305324822937,0.1127321760528669,3.950625848552183e-05,0.0938196146238665,0.08754798647833581,0.4975091465972579
4.6008839236877343e-05,0.4188152286740548,0.0002703974295235471,9.96555412045071e-06,8.982009727009786e-06,0.0013458162473561068,0.12527005884025535,5.3622349225942194e-05,0.010484800384874557,0.023142700489431844,0.42055241918219344
0.19998495574777217,0.0036405819464873737,0.0037150787642677026,0.3633411496577102,0.3542126729506157,0.0016787693882712612,0.0033848840455271262,0.006186990780231231,0.0001043389601670589,0.015208125458953966,0.048542452299996514
0.00024235493899659745,0.4395969778064685,0.007091021044849991,2.2245639468929186e-05,1.6528729825110074e-05,0.0011299095921243796,0.0541726179772084,6.257732993156215e-05,0.00084450105756851,0.015236065669610674,0.4815852002139475
9.64427675122273e-06,0.8954794764323172,0.0036953967330205215,3.051128233904293e-06,7.419186841693439e-06,8.680174421012164e-05,0.05552139960609445,8.53210411690687e-06,0.006263016691465008,0.001911835313950863,0.03701342678299822
0.9180870047894767,0.002157356092078911,0.0007393556891469599,0.02039700918134904,0.015000131201088137,0.0007470982016633894,0.003926199803883663,0.0017740258217619597,5.3994882406110175e-05,0.03288868775781323,0.004229136579332109
0.0019790683339687837,1.6605983989744436e-05,0.00011123742914085974,0.9970582219329149,0.00047509024612037935,8.367926273716468e-05,2.5030963326901883e-05,7.692707650189537e-05,9.813738417948779e-07,0.00010319875806424805,6.995863939331188e-05
0.09750252030364934,0.0019862724849002197,0.0001938937416667233,0.18324124086767254,0.5916162616021526,0.002675011054768775,0.00333929695665295,0.00017418319047196983,0.00012372895656135747,0.10640355716969897,0.012744033671804711
0.9291111252846334,0.0004931779984293027,0.0013931731836944706,0.060410318858505486,0.0016938720308795976,0.0005194478710783557,0.0011165790659050602,0.000786499948819066,3.1485858616747973e-06,0.0027748529582903732,0.0016978042139031647
0.00022018309485821833,0.02266640327043605,0.008240562710349902,0.00020802139632443211,0.00012834877162751706,0.4264752549286982,0.07405851564013274,4.490547196569262e-05,0.00020504536376680517,0.41520068382389624,0.05255207552794413
3.9198515291494797e-05,0.045781272180367656,0.0037986523447670934,8.12125700028052e-06,4.71754651635823e-05,0.0070569982085088336,0.03192932685817711,7.8416261908618e-06,0.03139937381277068,0.006404989052468018,0.8735270506792943
0.0005285362967064165,0.14197316854477487,0.1688403291454039,0.00010650854507195325,6.912099089932096e-05,0.005338661984143384,0.4437295961823649,0.0007633819759447323,0.017987888002655716,0.14359936543202134,0.07706344290001348
6.654450969464117e-05,0.23152266236510727,0.0011490532465974243,1.345093751467825e-05,2.0657367259085985e-05,0.0008334501171247591,0.05207153799968501,2.561105405158676e-05,0.015249843029449485,0.012861596642907388,0.6861855927306086
0.00019557087811686844,0.06625730766381803,0.46597605152176175,0.0001227269130314299,2.267228085885791e-05,0.020762550312215466,0.18587299956800488,8.002868101411729e-05,0.00253572713472298,0.09490216863988155,0.16327219640657395
5.26660734819463e-06,0.006845640118590229,0.0011004527539756291,9.510625869031764e-07,3.387910939955943e-06,0.0005422694313313406,0.009796018787242884,1.8425017756527332e-06,0.7646809353626505,0.0027362847808740562,0.21428695068268475
0.002218000214514385,0.00020743017257656847,0.00015041024721261823,0.007244435879955563,0.9870770575508411,6.015929438516345e-05,0.00014735556719502405,7.995185016393385e-05,6.302123433336119e-06,0.0002623005497652222,0.0025465965499573457
9.248881062417714e-05,0.013640667844032402,0.0035758965040805393,1.4761324634498252e-05,2.6184324783729752e-05,0.0009164580854190065,0.0526561217029999,9.048375447219208e-06,0.3531281302458153,0.006937051030546791,0.5690031917516164
1.1692721240295012e-05,0.004210424112129969,0.9599924879852977,2.5971512387522025e-05,6.679774241568437e-06,0.0026161180463834146,0.0036033974298814715,4.2519048572911075e-06,0.0004057433693484367,0.0009662923676734447,0.028156940776558736
